Query:    0   0.2758
Query:    1   0.9442
Query:    2   0.7463
Query:    3   0.6201
Query:    4   0.2467
Query:    5   0.9167
Query:    6   0.4167
Query:    7   0.6339
Query:    8   0.6389
Query:    9   0.7292
Query:   10   0.7243
Query:   11   0.1782
Query:   12   0.0217
Query:   13   0.9560
Query:   14   1.0000
Query:   15   0.0418
0.2758 0.9442 0.7463 0.6201 0.2467 0.9167 0.4167 0.6339 0.6389 0.7292 0.7243 0.1782 0.0217 0.9560 1.0000 0.0418 
TotalQueryNum=16 TotalAnswerNum=0
 0.7582
 0.7068
 0.6851
 0.6561
 0.6487
 0.6333
 0.6156
 0.5332
 0.4744
 0.3648
 0.3213
Non_Interpolated=  0.5681
