Query:    0   0.8378
Query:    1   0.9205
Query:    2   1.0000
Query:    3   0.8734
Query:    4   0.7306
Query:    5   0.4655
Query:    6   0.8773
Query:    7   0.9167
Query:    8   0.6029
Query:    9   0.8648
Query:   10   1.0000
Query:   11   0.2910
Query:   12   0.9541
Query:   13   0.7225
Query:   14   0.9752
Query:   15   0.7846
Query:   16   0.6552
Query:   17   0.0314
Query:   18   1.0000
Query:   19   0.2948
Query:   20   0.4904
Query:   21   0.8530
Query:   22   0.6305
Query:   23   0.7483
Query:   24   0.4188
Query:   25   1.0000
Query:   26   0.5333
Query:   27   0.6457
Query:   28   0.0338
Query:   29   0.8665
Query:   30   1.0000
Query:   31   1.0000
Query:   32   0.9745
Query:   33   1.0000
Query:   34   0.1639
Query:   35   0.2219
Query:   36   0.3595
Query:   37   0.8875
Query:   38   0.0738
Query:   39   0.1733
Query:   40   0.7104
Query:   41   0.3543
Query:   42   0.9500
Query:   43   0.8755
Query:   44   1.0000
Query:   45   1.0000
Query:   46   0.5836
0.8378 0.9205 1.0000 0.8734 0.7306 0.4655 0.8773 0.9167 0.6029 0.8648 1.0000 0.2910 0.9541 0.7225 0.9752 0.7846 0.6552 0.0314 1.0000 0.2948 0.4904 0.8530 0.6305 0.7483 0.4188 1.0000 0.5333 0.6457 0.0338 0.8665 1.0000 1.0000 0.9745 1.0000 0.1639 0.2219 0.3595 0.8875 0.0738 0.1733 0.7104 0.3543 0.9500 0.8755 1.0000 1.0000 0.5836 
TotalQueryNum=47 TotalAnswerNum=0
 0.8497
 0.8267
 0.7983
 0.7744
 0.7541
 0.7355
 0.7086
 0.6639
 0.6081
 0.5353
 0.4563
Non_Interpolated=  0.6882
